976558417543335936
783607368869408768
4159805337
3347504363
2207272542
2427400058
130120505
236846307
2815508416
739131824
152238849
276799677
1636590253
718531968
1670362890
13298072
50393960
44196397
34743251
4874900219
4894286253
1544110878
85810526
1324213542
702671204
2913151825
3883370716
126652520
1956476460
322140361
3308992991
545399997
347486160
787061545
305560040
2799481536
2732579049
182365162
878551926
2848035910
293962791
2774289561
2810624824
360825986
20056008
213038639
1599981812
2846403334
67606921
737715362
1652983640
621583
15492359
112243365
255113414
123357956
306774010
540216612
286270155
608016861
1863011136
944120509
20214495
15110431
15234407
17939037
139409966
119897041
186154646
82891058
96102921
306400881
601393440
130494271
16548023
11348282
25861979
101285513
